0
1
5
11
19
29
40
52
65
79
94
110
127
144
161
179
197
216
235
254
273
293
312
332
352
372
393
413
433
454
474
495
516
537
557
578
599
620
641
662
683
704
725
746
767
788
809
830
851
871
891
911
930
947
964
979
993
1005
1015
1024
1032
1038
1042
1045
1047
1047
1046
1045
1044
1042
1040
1038
1035
1032
1030
1027
1024
1022
1019
1017
1015
1013
1011
1009
1007
1006
1005
1004
1003
1002
1001
1001
1001
1000
1000
1000
1000
1000
1000
1000
1000
1000
1000
1000
1000
1000
1000
1000
1000
1000
1000
1000
1000
1000
1000
1000
1000
1000
1000
1000
1000
1000
1000
1000
1000
1000
1000
1000
1000
1000
1000
1000
1000
1000
1000
1000
1000
1000
1000
1000
1000
1000
1000
1000
1000
1000
1000
1000
1000
1000
1000
1000
1000
1000
1000
1000
1000
1000
1000
1000
1000
1000
1000
1000
1000
1000
1000
1000
1000
1000
1000
1000
1000
1000
1000
1000
1000
1000
1000
1000
1000
1000
1000
1000
1000
1000
1000
1000
1000
1000
1000
1000
1000
1000
1000
1000
1000
1000
1000
1000
